100.000000
390.000000
398.500000
383.000000
411.000000
141.500000
151.000000
162.000000
171.500000
91.000000
96.500000
149.000000
108.500000
115.000000
244.000000
260.000000
137.500000
219.000000
154.000000
163.500000
173.500000
183.500000
390.000000
415.500000
219.000000
116.000000
122.500000
129.500000
137.000000
145.500000
154.500000
492.500000
174.500000
368.500000
390.500000
414.000000
438.000000
232.000000
492.000000
261.000000
552.500000
100.000000
309.500000
326.500000
348.500000
367.500000
389.000000
414.500000
438.500000
928.500000
493.000000
100.000000
552.500000
585.500000
621.500000
658.000000
696.500000
738.000000
784.000000
833.500000
100.000000
928.500000
987.000000
1046.000000
1106.500000
100.000000
1254.500000
1325.500000
1402.000000
1484.000000
100.000000
1669.000000
100.000000
1869.000000
100.000000
100.000000
2204.500000
2361.500000
100.000000
100.000000
100.000000
100.000000
100.000000
100.000000
100.000000
100.000000
100.000000
100.000000
