425.000000
194.500000
177.500000
187.000000
199.500000
138.500000
187.000000
197.000000
205.500000
178.500000
188.500000
200.500000
106.000000
167.000000
180.500000
190.500000
202.000000
142.500000
152.000000
241.500000
255.000000
181.000000
191.500000
202.500000
107.500000
114.000000
121.000000
127.500000
136.500000
145.000000
153.000000
162.000000
516.500000
182.000000
578.000000
406.500000
435.000000
458.000000
488.000000
514.500000
544.000000
578.000000
306.500000
647.500000
344.500000
366.000000
388.000000
409.500000
434.500000
462.000000
485.000000
513.500000
546.500000
579.000000
614.500000
652.000000
692.000000
734.000000
770.000000
824.500000
864.000000
922.500000
978.500000
1036.000000
1101.000000
1157.500000
1229.000000
1306.000000
1377.000000
1472.500000
1552.000000
1649.500000
1751.500000
1857.500000
1963.500000
2076.000000
2217.000000
100.000000
2473.500000
2626.000000
2805.000000
2966.500000
3172.000000
3353.500000
189.000000
188.000000
4001.000000
208.000000
