367.750000
464.750000
453.000000
230.250000
137.500000
220.000000
234.250000
248.500000
217.250000
229.500000
243.250000
205.500000
218.000000
232.250000
122.750000
261.750000
206.750000
219.500000
232.750000
245.500000
348.750000
369.000000
97.500000
207.000000
219.750000
349.000000
246.500000
260.500000
278.000000
442.250000
311.500000
330.750000
351.250000
373.000000
197.500000
208.500000
221.500000
234.250000
496.750000
525.250000
558.000000
590.000000
622.250000
329.000000
349.250000
370.500000
392.750000
415.000000
440.750000
467.500000
493.500000
523.500000
554.250000
589.250000
622.750000
657.750000
701.500000
743.000000
787.000000
831.500000
884.000000
934.250000
986.750000
1049.000000
1108.500000
1179.750000
1249.000000
1317.000000
1387.250000
1485.250000
1581.000000
1656.500000
1760.500000
1878.750000
1977.250000
2103.250000
2236.000000
2374.250000
2533.000000
300.000000
2844.250000
219.000000
3166.250000
266.750000
3570.250000
300.000000
318.000000
300.000000
